              1    2.3216601005
              2    2.3216895888
              3    2.3217780603
              4    2.3219255354
              5    2.3221320478
              6    2.3223976448
              7    2.3227223872
              8    2.3231063496
              9    2.3235496201
             10    2.3240523007
             11    2.3246145069
             12    2.3252363684
             13    2.3259180287
             14    2.3266596455
             15    2.3274613906
             16    2.3283234503
             17    2.3292460250
             18    2.3302293301
             19    2.3312735956
             20    2.3323790663
             21    2.3335460024
             22    2.3347746790
             23    2.3360653872
             24    2.3374184334
             25    2.3388341402
             26    2.3403128463
             27    2.3418549070
             28    2.3434606940
             29    2.3451305964
             30    2.3468650203
             31    2.3486643897
             32    2.3505291463
             33    2.3524597503
             34    2.3544566804
             35    2.3565204346
             36    2.3586515302
             37    2.3608505042
             38    2.3631179142
             39    2.3654543384
             40    2.3678603764
             41    2.3703366493
             42    2.3728838006
             43    2.3755024968
             44    2.3781934274
             45    2.3809573062
             46    2.3837948716
             47    2.3867068869
             48    2.3896941418
             49    2.3927574524
             50    2.3958976622
             51    2.3991156429
             52    2.4024122951
             53    2.4057885494
             54    2.4092453668
             55    2.4127837402
             56    2.4164046949
             57    2.4201092899
             58    2.4238986187
             59    2.4277738106
             60    2.4317360318
             61    2.4357864864
             62    2.4399264181
             63    2.4441571109
             64    2.4484798912
             65    2.4528961284
             66    2.4574072372
             67    2.4620146785
             68    2.4667199616
             69    2.4715246454
             70    2.4764303408
             71    2.4814387119
             72    2.4865514786
             73    2.4917704181
             74    2.4970973677
             75    2.5025342266
             76    2.5080829585
             77    2.5137455939
             78    2.5195242331
             79    2.5254210487
             80    2.5314382884
             81    2.5375782786
             82    2.5438434269
             83    2.5502362260
             84    2.5567592570
             85    2.5634151934
             86    2.5702068048
             87    2.5771369611
             88    2.5842086369
             89    2.5914249163
             90    2.5987889975
             91    2.6063041982
             92    2.6139739607
             93    2.6218018581
             94    2.6297915998
             95    2.6379470387
             96    2.6462721770
             97    2.6547711743
             98    2.6634483546
             99    2.6723082147
            100    2.6813554327
            101    2.6905948768
            102    2.7000316152
            103    2.7096709264
            104    2.7195183099
            105    2.7295794977
            106    2.7398604666
            107    2.7503674517
            108    2.7611069596
            109    2.7720857840
            110    2.7833110212
            111    2.7947900869
            112    2.8065307346
            113    2.8185410747
            114    2.8308295954
            115    2.8434051846
            116    2.8562771537
            117    2.8694552631
            118    2.8829497495
            119    2.8967713552
            120    2.9109313594
            121    2.9254416124
            122    2.9403145720
            123    2.9555633428
            124    2.9712017185
            125    2.9872442280
            126    3.0037061848
            127    3.0206037403
            128    3.0379539425
            129    3.0557747980
            130    3.0740853410
            131    3.0929057070
            132    3.1122572138
            133    3.1321624492
            134    3.1526453668
            135    3.1737313903
            136    3.1954475283
            137    3.2178224991
            138    3.2408868678
            139    3.2646731967
            140    3.2892162108
            141    3.3145529797
            142    3.3407231184
            143    3.3677690086
            144    3.3957360438
            145    3.4246729008
            146    3.4546318406
            147    3.4856690435
            148    3.5178449818
            149    3.5512248361
            150    3.5858789605
            151    3.6218834038
            152    3.6593204954
            153    3.6982795043
            154    3.7388573817
            155    3.7811596027
            156    3.8253011186
            157    3.8714074404
            158    3.9196158739
            159    3.9700769311
            160    4.0229559492
            161    4.0784349516
            162    4.1367147971
            163    4.1980176678
            164    4.2625899606
            165    4.3307056616
            166    4.4026702978
            167    4.4788255876
            168    4.5595549347
            169    4.6452899526
            170    4.7365182502
            171    4.8337927717
            172    4.9377430674
            173    5.0490889734
            174    5.1686573259
            175    5.2974025222
            176    5.4364320039
            177    5.5870380912
            178    5.7507380941
            179    5.9293253244
            180    6.1249346257
            181    6.3401274795
            182    6.5780038652
            183    6.8423512255
            184    7.1378457316
            185    7.4703285980
            186    7.8471922516
            187    8.2779309179
            188    8.7749435202
            189    9.3547349315
            190   10.0397669253
            191   10.8614093752
            192   11.8648385942
            193   13.1175667427
            194   14.7251851841
            195   16.8626080278
            196   19.8421150363
            197   24.2811117680
            198   31.5952002444
            199   45.9039550493
            200   86.3873719258
            201  987.0523883371
            202  100.8746191297
            203   47.1421902313
            204   30.4026576478
            205   22.2432254917
            206   17.4176216306
            207   14.2328813663
            208   11.9766668163
            209   10.2970760949
            210    9.0002839457
            211    7.9707517049
            212    7.1353344701
            213    6.4454762093
            214    5.8676820444
            215    5.3781010575
            216    4.9592892303
            217    4.5981930480
            218    4.2848483425
            219    4.0115147871
            220    3.7720847813
            221    3.5616702971
            222    3.3763081805
            223    3.2127461512
            224    3.0682849443
            225    2.9406602639
            226    2.8279534628
            227    2.7285232774
            228    2.6409532148
            229    2.5640107141
            230    2.4966152546
            231    2.4378133127
            232    2.3867585897
            233    2.3426963055
            234    2.3049506341
            235    2.2729145618
            236    2.2460416141
            237    2.2238390190
            238    2.2058619778
            239    2.1917087884
            240    2.1810166321
            241    2.1734578803
            242    2.1687368155
            243    2.1665866912
            244    2.1667670727
            245    2.1690614197
            246    2.1732748803
            247    2.1792322735
            248    2.1867762447
            249    2.1957655774
            250    2.2060736528
            251    2.2175870437
            252    2.2302042346
            253    2.2438344591
            254    2.2583966450
            255    2.2738184596
            256    2.2900354469
            257    2.3069902496
            258    2.3246319070
            259    2.3429152252
            260    2.3618002094
            261    2.3812515556
            262    2.4012381941
            263    2.4217328807
            264    2.4427118308
            265    2.4641543915
            266    2.4860427495
            267    2.5083616686
            268    2.5310982569
            269    2.5542417573
            270    2.5777833623
            271    2.6017160479
            272    2.6260344260
            273    2.6507346134
            274    2.6758141148
            275    2.7012717198
            276    2.7271074112
            277    2.7533222840
            278    2.7799184747
            279    2.8068990982
            280    2.8342681940
            281    2.8620306781
            282    2.8901923028
            283    2.9187596214
            284    2.9477399589
            285    2.9771413879
            286    3.0069727083
            287    3.0372434323
            288    3.0679637725
            289    3.0991446346
            290    3.1307976128
            291    3.1629349892
            292    3.1955697359
            293    3.2287155203
            294    3.2623867137
            295    3.2965984024
            296    3.3313664016
            297    3.3667072721
            298    3.4026383405
            299    3.4391777210
            300    3.4763443409
            301    3.5141579689
            302    3.5526392457
            303    3.5918097186
            304    3.6316918786
            305    3.6723092006
            306    3.7136861879
            307    3.7558484190
            308    3.7988225998
            309    3.8426366178
            310    3.8873196028
            311    3.9329019900
            312    3.9794155894
            313    4.0268936594
            314    4.0753709867
            315    4.1248839717
            316    4.1754707198
            317    4.2271711409
            318    4.2800270548
            319    4.3340823056
            320    4.3893828844
            321    4.4459770618
            322    4.5039155298
            323    4.5632515558
            324    4.6240411482
            325    4.6863432350
            326    4.7502198576
            327    4.8157363794
            328    4.8829617122
            329    4.9519685619
            330    5.0228336938
            331    5.0956382223
            332    5.1704679242
            333    5.2474135807
            334    5.3265713498
            335    5.4080431723
            336    5.4919372153
            337    5.5783683575
            338    5.6674587201
            339    5.7593382493
            340    5.8541453562
            341    5.9520276201
            342    6.0531425631
            343    6.1576585048
            344    6.2657555069
            345    6.3776264185
            346    6.4934780346
            347    6.6135323837
            348    6.7380281600
            349    6.8672223210
            350    7.0013918713
            351    7.1408358608
            352    7.2858776259
            353    7.4368673101
            354    7.5941847049
            355    7.7582424597
            356    7.9294897184
            357    8.1084162493
            358    8.2955571487
            359    8.4914982137
            360    8.6968820976
            361    8.9124153844
            362    9.1388767462
            363    9.3771263823
            364    9.6281169814
            365    9.8929065010
            366   10.1726731263
            367   10.4687328540
            368   10.7825602548
            369   11.1158131065
            370   11.4703617663
            371   11.8483243798
            372   12.2521093285
            373   12.6844667124
            374   13.1485511935
            375   13.6479992377
            376   14.1870247559
            377   14.7705384693
            378   15.4042981607
            379   16.0950995558
            380   16.8510212563
            381   17.6817424690
            382   18.5989600848
            383   19.6169433446
            384   20.7532821249
            385   22.0299125672
            386   23.4745478713
            387   25.1227141480
            388   27.0207124798
            389   29.2300391295
            390   31.8341761914
            391   34.9493813276
            392   38.7425232398
            393   43.4619861181
            394   49.4943696783
            395   57.4761638537
            396   68.5345692247
            397   84.8733068342
            398  111.4608486014
            399  162.3475080670
            400  298.8787002004
            401 1885.4710533594
            402  437.2919908888
            403  195.8593574675
            404  126.1612992455
            405   93.0336949191
            406   73.6755455385
            407   60.9790496789
            408   52.0102902541
            409   45.3376714705
            410   40.1794595748
            411   36.0726156172
            412   32.7254110880
            413   29.9449105888
            414   27.5984159857
            415   25.5916597862
            416   23.8558320619
            417   22.3395302135
            418   21.0035818216
            419   19.8176114575
            420   18.7577025125
            421   17.8047671456
            422   16.9433861744
            423   16.1609680908
            424   15.4471292752
            425   14.7932303825
            426   14.1920248395
            427   13.6373890509
            428   13.1241129795
            429   12.6477359070
            430   12.2044163967
            431   11.7908284279
            432   11.4040777572
            433   11.0416340531
            434   10.7012754424
            435   10.3810428959
            436   10.0792024762
            437    9.7942139109
            438    9.5247042880
            439    9.2694459249
            440    9.0273376595
            441    8.7973889602
            442    8.5787063721
            443    8.3704819089
            444    8.1719830703
            445    7.9825442280
            446    7.8015591639
            447    7.6284745862
            448    7.4627844765
            449    7.3040251458
            450    7.1517708990
            451    7.0056302212
            452    6.8652424140
            453    6.7302746221
            454    6.6004191971
            455    6.4753913553
            456    6.3549270925
            457    6.2387813219
            458    6.1267262096
            459    6.0185496825
            460    5.9140540882
            461    5.8130549897
            462    5.7153800791
            463    5.6208681959
            464    5.5293684403
            465    5.4407393690
            466    5.3548482658
            467    5.2715704783
            468    5.1907888150
            469    5.1123929948
            470    5.0362791452
            471    4.9623493430
            472    4.8905111946
            473    4.8206774509
            474    4.7527656542
            475    4.6866978132
            476    4.6224001051
            477    4.5598026004
            478    4.4988390097
            479    4.4394464493
            480    4.3815652261
            481    4.3251386367
            482    4.2701127832
            483    4.2164364016
            484    4.1640607024
            485    4.1129392236
            486    4.0630276931
            487    4.0142839013
            488    3.9666675822
            489    3.9201403029
            490    3.8746653603
            491    3.8302076849
            492    3.7867337508
            493    3.7442114919
            494    3.7026102229
            495    3.6619005658
            496    3.6220543813
            497    3.5830447039
            498    3.5448456814
            499    3.5074325177
            500    3.4707814199
            501    3.4348695477
            502    3.3996749663
            503    3.3651766019
            504    3.3313541998
            505    3.2981882851
            506    3.2656601253
            507    3.2337516954
            508    3.2024456449
            509    3.1717252662
            510    3.1415744653
            511    3.1119777339
            512    3.0829201228
            513    3.0543872172
            514    3.0263651126
            515    2.9988403928
            516    2.9718001085
            517    2.9452317571
            518    2.9191232635
            519    2.8934629623
            520    2.8682395802
            521    2.8434422200
            522    2.8190603445
            523    2.7950837625
            524    2.7715026139
            525    2.7483073572
            526    2.7254887558
            527    2.7030378667
            528    2.6809460284
            529    2.6592048504
            530    2.6378062020
            531    2.6167422030
            532    2.5960052137
            533    2.5755878259
            534    2.5554828542
            535    2.5356833276
            536    2.5161824819
            537    2.4969737515
            538    2.4780507627
            539    2.4594073265
            540    2.4410374317
            541    2.4229352393
            542    2.4050950754
            543    2.3875114262
            544    2.3701789320
            545    2.3530923820
            546    2.3362467090
            547    2.3196369848
            548    2.3032584149
            549    2.2871063346
            550    2.2711762043
            551    2.2554636055
            552    2.2399642365
            553    2.2246739090
            554    2.2095885440
            555    2.1947041683
            556    2.1800169114
            557    2.1655230020
            558    2.1512187646
            559    2.1371006170
            560    2.1231650667
            561    2.1094087089
            562    2.0958282231
            563    2.0824203707
            564    2.0691819927
            565    2.0561100069
            566    2.0432014060
            567    2.0304532550
            568    2.0178626891
            569    2.0054269119
            570    1.9931431928
            571    1.9810088658
            572    1.9690213269
            573    1.9571780329
            574    1.9454764990
            575    1.9339142979
            576    1.9224890575
            577    1.9111984597
            578    1.9000402386
            579    1.8890121793
            580    1.8781121165
            581    1.8673379326
            582    1.8566875572
            583    1.8461589652
            584    1.8357501757
            585    1.8254592508
            586    1.8152842946
            587    1.8052234520
            588    1.7952749074
            589    1.7854368838
            590    1.7757076420
            591    1.7660854793
            592    1.7565687284
            593    1.7471557572
            594    1.7378449669
            595    1.7286347921
            596    1.7195236993
            597    1.7105101861
            598    1.7015927810
            599    1.6927700419
            600    1.6840405557
            601    1.6754029378
            602    1.6668558310
            603    1.6583979048
            604    1.6500278552
            605    1.6417444035
            606    1.6335462963
            607    1.6254323043
            608    1.6174012218
            609    1.6094518666
            610    1.6015830790
            611    1.5937937214
            612    1.5860826778
            613    1.5784488531
            614    1.5708911730
            615    1.5634085832
            616    1.5560000490
            617    1.5486645548
            618    1.5414011039
            619    1.5342087177
            620    1.5270864357
            621    1.5200333148
            622    1.5130484288
            623    1.5061308685
            624    1.4992797408
            625    1.4924941686
            626    1.4857732906
            627    1.4791162604
            628    1.4725222469
            629    1.4659904334
            630    1.4595200175
            631    1.4531102108
            632    1.4467602386
            633    1.4404693396
            634    1.4342367653
            635    1.4280617805
            636    1.4219436622
            637    1.4158816998
            638    1.4098751947
            639    1.4039234599
            640    1.3980258203
            641    1.3921816116
            642    1.3863901811
            643    1.3806508864
            644    1.3749630959
            645    1.3693261886
            646    1.3637395533
            647    1.3582025890
            648    1.3527147044
            649    1.3472753177
            650    1.3418838567
            651    1.3365397581
            652    1.3312424678
            653    1.3259914404
            654    1.3207861393
            655    1.3156260363
            656    1.3105106115
            657    1.3054393532
            658    1.3004117577
            659    1.2954273290
            660    1.2904855791
            661    1.2855860273
            662    1.2807282004
            663    1.2759116323
            664    1.2711358644
            665    1.2664004446
            666    1.2617049281
            667    1.2570488765
            668    1.2524318582
            669    1.2478534481
            670    1.2433132273
            671    1.2388107832
            672    1.2343457095
            673    1.2299176057
            674    1.2255260772
            675    1.2211707355
            676    1.2168511975
            677    1.2125670857
            678    1.2083180282
            679    1.2041036586
            680    1.1999236156
            681    1.1957775432
            682    1.1916650904
            683    1.1875859114
            684    1.1835396652
            685    1.1795260157
            686    1.1755446316
            687    1.1715951862
            688    1.1676773575
            689    1.1637908280
            690    1.1599352844
            691    1.1561104181
            692    1.1523159247
            693    1.1485515040
            694    1.1448168598
            695    1.1411117002
            696    1.1374357372
            697    1.1337886867
            698    1.1301702687
            699    1.1265802066
            700    1.1230182280
            701    1.1194840640
            702    1.1159774491
            703    1.1124981217
            704    1.1090458236
            705    1.1056203000
            706    1.1022212995
            707    1.0988485741
            708    1.0955018790
            709    1.0921809727
            710    1.0888856169
            711    1.0856155764
            712    1.0823706190
            713    1.0791505156
            714    1.0759550402
            715    1.0727839695
            716    1.0696370833
            717    1.0665141640
            718    1.0634149972
            719    1.0603393708
            720    1.0572870757
            721    1.0542579054
            722    1.0512516561
            723    1.0482681264
            724    1.0453071176
            725    1.0423684335
            726    1.0394518804
            727    1.0365572670
            728    1.0336844043
            729    1.0308331058
            730    1.0280031873
            731    1.0251944668
            732    1.0224067647
            733    1.0196399036
            734    1.0168937082
            735    1.0141680054
            736    1.0114626243
            737    1.0087773960
            738    1.0061121536
            739    1.0034667325
            740    1.0008409699
            741    0.9982347050
            742    0.9956477790
            743    0.9930800349
            744    0.9905313178
            745    0.9880014745
            746    0.9854903538
            747    0.9829978060
            748    0.9805236835
            749    0.9780678404
            750    0.9756301324
            751    0.9732104171
            752    0.9708085537
            753    0.9684244030
            754    0.9660578275
            755    0.9637086914
            756    0.9613768603
            757    0.9590622016
            758    0.9567645842
            759    0.9544838783
            760    0.9522199560
            761    0.9499726905
            762    0.9477419569
            763    0.9455276313
            764    0.9433295915
            765    0.9411477167
            766    0.9389818874
            767    0.9368319856
            768    0.9346978944
            769    0.9325794987
            770    0.9304766842
            771    0.9283893383
            772    0.9263173494
            773    0.9242606074
            774    0.9222190033
            775    0.9201924294
            776    0.9181807793
            777    0.9161839476
            778    0.9142018303
            779    0.9122343244
            780    0.9102813281
            781    0.9083427410
            782    0.9064184634
            783    0.9045083970
            784    0.9026124446
            785    0.9007305099
            786    0.8988624979
            787    0.8970083145
            788    0.8951678667
            789    0.8933410626
            790    0.8915278112
            791    0.8897280225
            792    0.8879416078
            793    0.8861684789
            794    0.8844085489
            795    0.8826617319
            796    0.8809279426
            797    0.8792070971
            798    0.8774991121
            799    0.8758039053
            800    0.8741213953
            801    0.8724515016
            802    0.8707941446
            803    0.8691492456
            804    0.8675167267
            805    0.8658965108
            806    0.8642885219
            807    0.8626926845
            808    0.8611089240
            809    0.8595371669
            810    0.8579773401
            811    0.8564293716
            812    0.8548931900
            813    0.8533687247
            814    0.8518559060
            815    0.8503546648
            816    0.8488649328
            817    0.8473866425
            818    0.8459197271
            819    0.8444641205
            820    0.8430197573
            821    0.8415865728
            822    0.8401645031
            823    0.8387534849
            824    0.8373534556
            825    0.8359643533
            826    0.8345861168
            827    0.8332186855
            828    0.8318619995
            829    0.8305159994
            830    0.8291806268
            831    0.8278558235
            832    0.8265415322
            833    0.8252376962
            834    0.8239442594
            835    0.8226611661
            836    0.8213883615
            837    0.8201257913
            838    0.8188734017
            839    0.8176311395
            840    0.8163989522
            841    0.8151767878
            842    0.8139645949
            843    0.8127623224
            844    0.8115699202
            845    0.8103873385
            846    0.8092145279
            847    0.8080514398
            848    0.8068980261
            849    0.8057542390
            850    0.8046200315
            851    0.8034953569
            852    0.8023801692
            853    0.8012744227
            854    0.8001780724
            855    0.7990910737
            856    0.7980133824
            857    0.7969449550
            858    0.7958857484
            859    0.7948357197
            860    0.7937948270
            861    0.7927630284
            862    0.7917402827
            863    0.7907265491
            864    0.7897217873
            865    0.7887259573
            866    0.7877390198
            867    0.7867609357
            868    0.7857916665
            869    0.7848311741
            870    0.7838794207
            871    0.7829363691
            872    0.7820019824
            873    0.7810762242
            874    0.7801590586
            875    0.7792504498
            876    0.7783503628
            877    0.7774587626
            878    0.7765756150
            879    0.7757008859
            880    0.7748345418
            881    0.7739765495
            882    0.7731268760
            883    0.7722854891
            884    0.7714523566
            885    0.7706274469
            886    0.7698107287
            887    0.7690021710
            888    0.7682017433
            889    0.7674094155
            890    0.7666251576
            891    0.7658489402
            892    0.7650807342
            893    0.7643205108
            894    0.7635682417
            895    0.7628238987
            896    0.7620874542
            897    0.7613588807
            898    0.7606381514
            899    0.7599252394
            900    0.7592201184
            901    0.7585227624
            902    0.7578331457
            903    0.7571512429
            904    0.7564770291
            905    0.7558104794
            906    0.7551515695
            907    0.7545002753
            908    0.7538565731
            909    0.7532204394
            910    0.7525918511
            911    0.7519707853
            912    0.7513572196
            913    0.7507511317
            914    0.7501524998
            915    0.7495613022
            916    0.7489775176
            917    0.7484011250
            918    0.7478321037
            919    0.7472704334
            920    0.7467160938
            921    0.7461690651
            922    0.7456293278
            923    0.7450968627
            924    0.7445716507
            925    0.7440536732
            926    0.7435429117
            927    0.7430393481
            928    0.7425429647
            929    0.7420537437
            930    0.7415716679
            931    0.7410967203
            932    0.7406288841
            933    0.7401681428
            934    0.7397144803
            935    0.7392678805
            936    0.7388283277
            937    0.7383958067
            938    0.7379703022
            939    0.7375517992
            940    0.7371402833
            941    0.7367357400
            942    0.7363381552
            943    0.7359475150
            944    0.7355638058
            945    0.7351870144
            946    0.7348171275
            947    0.7344541324
            948    0.7340980164
            949    0.7337487673
            950    0.7334063729
            951    0.7330708214
            952    0.7327421012
            953    0.7324202009
            954    0.7321051094
            955    0.7317968159
            956    0.7314953097
            957    0.7312005805
            958    0.7309126181
            959    0.7306314126
            960    0.7303569544
            961    0.7300892340
            962    0.7298282423
            963    0.7295739703
            964    0.7293264093
            965    0.7290855508
            966    0.7288513866
            967    0.7286239087
            968    0.7284031093
            969    0.7281889809
            970    0.7279815161
            971    0.7277807079
            972    0.7275865495
            973    0.7273990341
            974    0.7272181555
            975    0.7270439075
            976    0.7268762841
            977    0.7267152797
            978    0.7265608887
            979    0.7264131059
            980    0.7262719264
            981    0.7261373452
            982    0.7260093579
            983    0.7258879601
            984    0.7257731476
            985    0.7256649166
            986    0.7255632635
            987    0.7254681847
            988    0.7253796770
            989    0.7252977375
            990    0.7252223633
            991    0.7251535520
            992    0.7250913011
            993    0.7250356086
            994    0.7249864726
            995    0.7249438915
            996    0.7249078637
            997    0.7248783881
            998    0.7248554636
            999    0.7248390896
           1000    0.7248292654
           1001    0.7248259907
