              1  366.0693946088
              2  635.8353966539
              3  663.7591770227
              4  140.8481536637
              5   94.5666139449
              6   62.0563328052
              7   56.7015801791
              8   23.7376982167
              9   39.4492857133
             10   21.8529321418
             11   20.5854955794
             12    9.6903310648
             13   29.5093200509
             14   18.5481835678
             15   17.8523693335
             16   44.6250941020
             17   11.3721905043
             18   22.6450108218
             19   26.4085594250
             20   21.1198457541
             21   13.3022811398
             22   28.6825778267
             23   13.0086986544
             24   14.7762007180
             25   15.4013942687
             26   32.9811390673
             27    9.3865207958
             28    7.9011205194
             29   28.9693757516
             30   26.2707560362
             31   33.9501771670
             32   19.5717326810
             33   17.0893387255
             34   33.1778723814
             35   15.2177201178
             36    4.6321495109
             37   21.3264065597
             38   13.4161814116
             39   21.9498470200
             40   13.3185037883
             41    6.3250770880
             42   25.7889448200
             43   17.4397492275
             44   31.9192378138
             45    4.2808760236
             46   15.6843912142
             47   13.7589286579
             48   34.5508017789
             49   34.4782619110
             50   24.5046489942
             51    6.2235391243
             52   24.7244494831
             53   19.8941744608
             54   16.3985554352
             55   13.3642293914
             56   16.4967054683
             57   11.4380343737
             58   13.0378972350
             59   31.3900595740
             60    2.3443950151
             61   25.0884675696
             62   16.8826269463
             63   25.5846149588
             64   14.1817981179
             65   28.8461500418
             66   20.9333476689
             67   25.4362623276
             68   31.5249162264
             69   23.0673262559
             70   16.4755301288
             71   19.0028611068
             72   25.4269347516
             73   15.7514491741
             74    9.2879833674
             75    6.3409872544
             76   20.4951196601
             77   25.2593498838
             78    5.7689730356
             79   34.0908201449
             80    1.8899495029
             81    8.0728912869
             82    9.2944112230
             83    5.7887371794
             84    6.5231709207
             85   26.8496950165
             86    8.6022044620
             87    4.6889027771
             88   27.6551046487
             89   14.6266061584
             90   24.2304188279
             91   14.2246988268
             92    8.8298760833
             93   25.0751008153
             94   25.9363680794
             95   18.8145635090
             96    5.5926556928
             97   12.4147415921
             98   18.0737149595
             99    1.2570555237
            100   16.4156370155
            101   21.7620544637
            102    7.2713670139
            103   15.8859738778
            104   29.6671680560
            105   31.5786661975
            106    3.6876075729
            107   13.6509922824
            108    8.4554339642
            109   28.2945663063
            110    5.0637225309
            111    8.4507429421
            112   35.3249393351
            113   16.9476649663
            114   17.3250097744
            115   26.4578840236
            116    6.0985547969
            117    8.8966350033
            118   11.5434561705
            119   34.6779147211
            120   17.4867341050
            121   13.6784568989
            122   28.2794428452
            123   10.5740248306
            124   14.8335389546
            125   25.2052340926
            126   15.5967019213
            127   14.6422736441
            128   26.9599962353
            129    6.2263787876
            130   37.2044249570
            131    7.1074622964
            132   14.9095488618
            133   12.6668601912
            134   12.2213352292
            135    9.7321185923
            136    9.3450600122
            137   14.8097740505
            138   16.4914769832
            139    8.6922940157
            140   23.9606514440
            141    8.7801850934
            142   15.3674576353
            143    1.5853661465
            144   27.8982266418
            145   19.6693728400
            146    6.8749382139
            147    9.4789596371
            148   14.9451498796
            149   17.6563952116
            150   21.5699082992
            151    7.5450847343
            152   27.3052672330
            153   16.2899750729
            154   12.9155790447
            155    1.6790026778
            156   32.5370383050
            157   33.9651893797
            158   17.5101844629
            159   17.0655842116
            160   17.6276398236
            161   22.2452523114
            162   13.2079369499
            163    5.7671184225
            164   11.8239110849
            165   26.1067966902
            166   12.8175470404
            167   15.4773801436
            168    5.3959480668
            169   16.7950341822
            170   20.8496990557
            171    4.5741309961
            172   24.4564321130
            173    8.2074453914
            174    9.9789658539
            175    2.4832525533
            176   20.8246790810
            177   24.1592504442
            178   13.6791768140
            179   19.6481484453
            180   26.7494844745
            181   26.2671976461
            182    6.5391240802
            183    4.4012909726
            184   16.0294036502
            185   12.8314658653
            186   21.1813796682
            187    9.8450849198
            188   11.1206903933
            189   24.6870903528
            190   11.5783596041
            191   10.5583651359
            192    1.9179791041
            193   18.5145450904
            194    7.3080029111
            195   21.8771654842
            196    9.4659223213
            197    4.7343199616
            198   13.3505071910
            199    1.4963162709
            200    9.4850061367
            201   20.9290717129
            202   26.5707058569
            203    4.3994416776
            204   16.1778629280
            205   29.4632977215
            206   16.3723929724
            207   27.9687488144
            208   24.2004180983
            209   13.4496724366
            210   12.4226931082
            211   25.4856068338
            212   23.2774227930
            213   21.3178737322
            214   15.7334148486
            215   19.9600922345
            216    7.9303052870
            217   44.7370911632
            218   15.7393608249
            219    9.7261529499
            220   15.7418313740
            221   17.2887475090
            222   13.2818680487
            223   26.4145621537
            224   12.3960339341
            225   21.7451439127
            226   20.7359946383
            227   19.5318296805
            228   18.4034100952
            229   21.2863642871
            230   20.6125867797
            231   16.5444679362
            232   22.5890677407
            233    7.0904693385
            234   10.8786487972
            235    7.2938782050
            236   14.7185317875
            237   16.8580502559
            238    2.6616516293
            239   21.7164629482
            240   21.9602037755
            241   12.5567637382
            242    9.5446341057
            243   33.4610473872
            244    9.2443584721
            245   16.6912621132
            246    8.4559836036
            247   14.0853813857
            248   43.8759012360
            249    8.4563832053
            250    9.7979097421
            251   11.5806382471
            252   10.1885387185
            253    7.5199528698
            254    9.3084345663
            255    6.6251153976
            256   36.1954299057
            257   13.4681456100
            258   12.0800973554
            259   13.0246604790
            260   21.0855104056
            261   19.8438703683
            262   25.5738905166
            263    6.5841531511
            264   13.3767206848
            265    5.3982208215
            266   16.9088262309
            267   12.4357378876
            268   12.3500634344
            269   19.8856143994
            270   25.5177896998
            271    4.6011318701
            272   30.3278834957
            273   20.3720860531
            274   10.7935590285
            275   13.0068694884
            276    3.2655762025
            277    5.5957798094
            278    5.4375460061
            279   14.2741588641
            280   15.2551967048
            281   27.2691177124
            282   16.3537669945
            283   32.0183888240
            284   10.1492763085
            285   13.0156302139
            286   12.9511980058
            287   14.0230752357
            288   29.6594121524
            289   27.0032273149
            290    6.4871989880
            291   18.8699021888
            292   21.7688031483
            293   19.0069745758
            294   15.1019626761
            295    7.7828342360
            296    4.3023037214
            297    5.2235124946
            298    6.7664543523
            299   18.0861544477
            300    8.1112791692
            301   13.6643148363
            302   22.4890217492
            303   20.6843367368
            304   20.0010688766
            305    9.0386857246
            306   15.3645627600
            307    6.6537348472
            308   21.6728443107
            309    9.4604510649
            310    4.7954237737
            311    0.1829476273
            312   14.7032245004
            313   12.8753322339
            314   22.0808203021
            315   10.9098232746
            316   24.8946627468
            317    8.0093142110
            318   26.0376581794
            319   28.8390901774
            320    6.2451452399
            321    3.2443596515
            322   15.1086714620
            323   22.1442519600
            324   29.0792818683
            325   19.0886316353
            326    4.3067740834
            327    6.7523343006
            328   23.3736085507
            329    8.6157313419
            330   27.6762635757
            331    0.7961769195
            332    8.2650134334
            333   18.8642101715
            334   11.4782346992
            335   19.4011375092
            336   23.5156760323
            337    5.9602553357
            338    8.9943129374
            339    4.6048802063
            340   25.0782095284
            341    6.5721162151
            342   13.4410516013
            343   16.5657969856
            344    8.6034698807
            345   14.0829615227
            346   21.7211871408
            347   17.5290917017
            348   15.1253407055
            349   23.9709122811
            350   10.0846825014
            351   11.6074924784
            352    8.8115118080
            353    7.2783199253
            354   26.3469459702
            355   20.3671562405
            356   14.4537565619
            357   12.1646972559
            358   26.5799236218
            359   21.5581516260
            360   10.0918994255
            361    4.6825440135
            362   23.7847143558
            363   37.7585334589
            364   20.9827806354
            365    2.7877736869
            366   20.5669052196
            367   16.2681824892
            368    6.7222439805
            369   11.0593686979
            370   12.1448991136
            371   24.2915905847
            372    6.1354334171
            373    5.3541654274
            374    5.6502823002
            375   15.9450972643
            376   15.0434665814
            377   19.6663934715
            378    7.1512992679
            379   23.4719153583
            380   22.9129654603
            381   22.9238637442
            382   33.4200609035
            383   28.1171230262
            384   11.3137666840
            385   14.6248066522
            386   14.7420030761
            387    4.9141934671
            388   11.9020501625
            389   17.9425849196
            390   21.2128626742
            391    0.9671095462
            392   10.7530886793
            393   17.7626427376
            394    2.9484082231
            395   20.9819348463
            396   22.7474153182
            397   15.3566312254
            398   22.0982613016
            399   20.2097515231
            400   30.6496186205
            401   11.5166809561
            402   31.3482690922
            403   17.6764651371
            404    5.6510628973
            405   17.6819101451
            406    3.2121519170
            407   13.6996771102
            408    2.7029113062
            409   15.9082535791
            410   25.2187942587
            411   12.3097847515
            412   11.4176423541
            413    1.1133655702
            414   23.5166623372
            415   20.3113244244
            416   31.4385028025
            417   22.3529119422
            418    9.3582292598
            419   15.6560513569
            420   12.1761087368
            421   36.9926395079
            422   16.7130410405
            423   11.1099785839
            424   19.5377252609
            425   22.9699466942
            426   24.7417819534
            427    3.8710461421
            428   16.9323931230
            429    5.4754354353
            430   13.1849823597
            431   20.1279406968
            432    9.8998303056
            433   13.6249508441
            434   13.3703223564
            435   16.0423103991
            436    8.1251882233
            437    5.7268002198
            438   14.7870689814
            439   20.8954443661
            440   41.9932289149
            441   21.2012843439
            442    7.1679333833
            443   33.2889592741
            444    7.0864588687
            445   17.2460566672
            446   23.1988501628
            447    8.9813620071
            448   33.3680039229
            449   23.3790047001
            450    6.4556189079
            451   30.2990076686
            452    7.9732645493
            453   19.2352361936
            454    2.7307036611
            455    5.1532055170
            456   10.8947830500
            457    9.8514145272
            458   13.1073682648
            459   17.8898735589
            460   35.2524376253
            461   22.2306448251
            462   17.6470470581
            463   29.2686381658
            464    9.6681357325
            465    8.8961738688
            466   17.9424160271
            467   16.3040394131
            468   16.1436993029
            469   12.3704780934
            470   25.6243976770
            471   23.0928795752
            472   23.9527581189
            473    2.0328179117
            474   38.0724375096
            475   11.5232504588
            476   11.1297220630
            477   10.6349844445
            478   14.9334795416
            479    2.7656630205
            480    9.8255109547
            481    7.9279308968
            482   13.8279913909
            483   13.3808493491
            484    6.5556248970
            485    8.0601728356
            486   22.7802477033
            487   12.5726326399
            488    6.3236277611
            489   23.5860125613
            490   25.0359186289
            491   16.4320038893
            492    9.3116443111
            493   17.8850407005
            494   15.6256239122
            495    9.7561921407
            496   11.0410015190
            497   13.8421118063
            498   14.6188383899
            499   13.3329195052
            500    3.3041017052
            501   10.9446698312
            502   31.3085111627
            503   19.1697964309
            504   13.5621971462
            505    2.1294445110
            506   12.0869054702
            507    5.5159963906
            508    4.3149922424
            509   11.1917552164
            510   26.6612536084
            511   13.2937102159
            512    9.6229572255
            513   17.1752751940
            514   15.1094667493
            515   18.5849145291
            516   18.6335232962
            517   20.2522430302
            518   16.8605382509
            519    9.3269605152
            520   15.6451536040
            521   26.4380885593
            522   28.2002545330
            523    4.1200233170
            524   10.4198973274
            525    3.8511392786
            526   14.8314653662
            527   22.0816971153
            528   11.2469543512
            529   24.5161771888
            530   18.1084937895
            531   30.6172654840
            532    9.7288494683
            533   17.0331094480
            534   21.1308236597
            535    8.2889691698
            536    7.6354216729
            537   13.9928310097
            538   12.0622209125
            539   15.5337338742
            540   16.7596614495
            541   29.5214112486
            542   14.6807537342
            543   17.7482719972
            544   35.2765607527
            545    6.6661147733
            546   13.1707915724
            547   22.7106242253
            548   11.6978321514
            549   11.8433488040
            550   10.3975680707
            551   17.6475545295
            552    9.4626536651
            553    6.7102865563
            554    4.7983072628
            555   12.0930912052
            556   20.3928315209
            557   27.3767869638
            558    7.3285394995
            559   24.5983451144
            560   16.8500418864
            561   21.8993349659
            562   14.1016251457
            563   17.9703896341
            564    8.0335805218
            565   16.3214300180
            566   10.3516705080
            567   15.0019605144
            568    8.7765711077
            569   29.3188131373
            570   21.9411687349
            571   13.0902837847
            572   22.1331540318
            573   14.7338377626
            574   21.2644431250
            575   18.5505894888
            576   30.9171179803
            577   23.2047071482
            578   31.8320685756
            579   31.1755767310
            580    3.2296755422
            581    8.5837050249
            582   27.2253534752
            583    7.1073693408
            584   14.4147671923
            585   22.6221766264
            586   13.8190398005
            587   29.8706754758
            588   12.1548499243
            589   13.6738094481
            590   22.6119345041
            591   10.7896912298
            592    4.5056970914
            593   24.7444653070
            594   23.7863076342
            595   17.1646771921
            596    8.7215417118
            597    7.5234528031
            598    5.2094668959
            599   16.0439237944
            600   17.2084823920
            601   28.2871852599
            602   17.2412569637
            603    8.6715794565
            604    6.6119671413
            605   15.6037542311
            606   15.1831226194
            607   23.5093270274
            608   15.6832170052
            609   18.9529674967
            610   16.9088952674
            611    4.6167501020
            612   24.1813666208
            613   13.8136986251
            614   17.4004887432
            615   12.5167130893
            616   14.2958753852
            617   18.2462101912
            618    9.8829887974
            619   14.7896439693
            620   31.8660114692
            621   16.6993723574
            622   20.6515037941
            623   12.4389584323
            624   17.9056049758
            625   36.8209999715
            626   21.3717416230
            627   10.7563952225
            628   27.6187773223
            629    2.4633700277
            630    6.9222436180
            631    8.1752105205
            632   11.9867634708
            633    4.5786349515
            634    2.4514998276
            635   22.6555709455
            636   15.7020406670
            637   31.6758382519
            638    8.4516286110
            639   12.7987692120
            640   23.7675645550
            641   18.3235137707
            642   21.9664065101
            643   12.3766765691
            644   13.9795378906
            645   25.1705172017
            646   11.7375905733
            647   12.1552523121
            648   15.4642680287
            649   14.7518507388
            650   17.7413128201
            651   32.4591068058
            652   18.9274467136
            653   35.3904439010
            654   20.7584136345
            655   12.9033493861
            656   30.1980952558
            657   12.1141673918
            658    3.7638936177
            659   21.7000415166
            660   18.8827961672
            661   26.8902824458
            662   17.6654746448
            663   21.5257919784
            664    7.7266690712
            665   26.1694224524
            666   14.3170617707
            667   10.3005958792
            668   21.2636800854
            669    5.1010198771
            670   17.2496545059
            671   18.0179071378
            672   12.8649231903
            673   15.4302489787
            674   25.9055135899
            675    1.9967417087
            676    7.0518195524
            677    9.4295387294
            678    6.0060675985
            679   31.9719546497
            680   16.7611183945
            681   18.2300493383
            682   23.1895981090
            683   18.6237913568
            684   14.5854831257
            685   22.1874032597
            686   22.2271627187
            687   13.3258690114
            688   24.3627225840
            689   13.3347911729
            690   21.0072180816
            691    2.6676197722
            692    3.1248347631
            693   18.0624274239
            694   18.8852581026
            695   10.0422104094
            696   24.7558856515
            697    7.3205450856
            698   16.2017834561
            699    9.9085954018
            700   17.3915962061
            701   20.4383211442
            702   35.2930246838
            703   11.4810182070
            704   27.8141005759
            705    3.2756298339
            706    6.8531264524
            707    7.2802051775
            708   20.3564135615
            709   34.6339301345
            710    9.9992057513
            711   30.8983119975
            712    9.9287806726
            713   27.7330459790
            714    4.5210951983
            715    0.6486476934
            716   23.1959800763
            717   11.1663206228
            718   19.9760554951
            719    0.7800976691
            720   18.6792910252
            721   26.1547267353
            722   15.5206168354
            723    8.2786995462
            724   12.2826400026
            725   38.5598012905
            726    8.7391536843
            727    5.6251494969
            728   18.9434556264
            729    3.1958281102
            730   14.5380166988
            731   11.1838164374
            732   21.9632433438
            733   16.8516306373
            734   15.9141346433
            735   15.9932219068
            736   21.6716766195
            737   13.9905583604
            738    3.9275705752
            739    1.7704282104
            740   11.6707630729
            741   19.1781709491
            742   24.9883854112
            743    9.2542608919
            744    6.9907967125
            745   11.3344390152
            746    7.2596364614
            747   11.2698728901
            748   23.6077270669
            749   21.7574250816
            750   25.9546718487
            751   11.4047787750
            752    5.6306296239
            753    4.4158543348
            754   20.5421909824
            755   14.9678782178
            756   29.2334292596
            757   17.4778063612
            758   12.5134558930
            759   32.7111138816
            760    7.4478905545
            761    1.1050118544
            762   18.5907027480
            763    7.6066968836
            764   13.5902415159
            765   26.2806072701
            766   11.9384165621
            767   22.1335273272
            768   25.5120191211
            769   16.8609547159
            770   25.2006251248
            771   11.1299413688
            772    7.6987946020
            773   16.0994429310
            774   12.9901631518
            775   18.3441614509
            776   13.8142555983
            777    8.6454291853
            778   11.7205335860
            779    5.8125759913
            780    8.1082441341
            781   26.9869737098
            782    6.9587728034
            783   17.3246233181
            784    1.2833015979
            785   17.6328983659
            786   15.1293600903
            787   13.0575573559
            788    6.1343072284
            789   14.7983508904
            790   16.0859198419
            791   23.4495309137
            792    7.1601169786
            793   25.9897904578
            794   10.3446398849
            795   30.8244533509
            796    3.5795470113
            797   13.9512558196
            798   22.3491568737
            799   41.5479928283
            800    8.2557685768
            801   12.3742101484
            802   22.2759852724
            803   14.6515820799
            804    8.8850177153
            805   20.7557708295
            806   23.7019124906
            807   28.1782865648
            808   16.4739540567
            809   26.5423485983
            810    8.9965238276
            811   13.8122513426
            812   11.8736451643
            813   16.3282945285
            814   28.8691009438
            815   24.6661560340
            816    3.8794818776
            817   11.4134559472
            818    1.7989661468
            819    2.0175115185
            820    6.7284649982
            821   12.9909506032
            822    5.2028973461
            823    6.4762905869
            824   21.9456905221
            825   25.6344131150
            826   13.4525265373
            827    5.9473309210
            828   14.0374327601
            829   14.4845234498
            830   19.2007555164
            831    6.1753068072
            832   37.3398704512
            833   13.0759738010
            834   30.1823905122
            835    4.1321780401
            836   31.5626906284
            837   23.3102598832
            838   15.4594809139
            839   17.4745123971
            840   29.7563230289
            841   19.5754041506
            842    3.4650035206
            843   10.3975050547
            844    8.2895655015
            845   11.3493255682
            846   24.0946144504
            847   18.8566816379
            848    5.4131837021
            849   33.0515773781
            850   10.6400883260
            851   16.7840806786
            852   26.7791159429
            853   13.0507680250
            854    5.2079721401
            855   14.4003260322
            856   29.8912619445
            857   12.0601725261
            858   27.3631973515
            859   14.9942003666
            860   11.6862285423
            861   21.2527527962
            862   13.6490921931
            863   20.0330243489
            864   27.5591903854
            865    6.1413702361
            866   17.4579147354
            867    8.5323670385
            868    5.7593214519
            869   25.6443120206
            870    1.5660871165
            871    9.9960198540
            872   10.7462268169
            873   18.2833418551
            874    2.4019695603
            875    6.0523613031
            876   18.7955811416
            877    4.5715184188
            878    1.0649853188
            879   11.0891846048
            880   27.4636449067
            881   14.5086982720
            882   19.9634632649
            883   23.8200645445
            884   14.3795534256
            885   12.5461255789
            886   22.3580066866
            887   25.2016352325
            888   12.9220481760
            889   24.2709379222
            890   25.4149831909
            891   11.2189857521
            892   14.4201488279
            893   10.8415041451
            894   19.2181963278
            895   25.4390223257
            896   17.9909710973
            897    7.8546681935
            898   12.8970386170
            899   14.1634207745
            900   14.2468919190
            901    5.7718116041
            902   27.9174408631
            903   13.3116411473
            904    4.4390980648
            905   14.9346719375
            906   16.5079727058
            907   16.5437343270
            908   20.6942093561
            909    0.0874206004
            910    6.8382455241
            911   24.3400363430
            912   20.1068759394
            913   28.3475129342
            914   16.8470841701
            915    1.6470349727
            916    9.2210895236
            917    6.9006802385
            918   21.4599379012
            919   21.2487321916
            920    8.6849308098
            921   28.7687543994
            922    1.2962286448
            923   28.1126874141
            924   13.0804007640
            925   31.3158563562
            926    2.9123481078
            927    8.0632722384
            928    8.3489957507
            929    8.6101865811
            930   28.1794208532
            931   28.9533751618
            932   12.8472997597
            933   18.5983881075
            934   17.5941622284
            935    5.2806205636
            936   16.6848964009
            937    2.8887726799
            938   15.1316697765
            939   16.1301903179
            940    8.7124553983
            941   23.0065021251
            942   10.2095988712
            943   28.7489719010
            944    7.9781394617
            945   19.8042847785
            946   17.7528090725
            947    2.1661133241
            948   25.0720079065
            949   24.9074012997
            950   18.8994446559
            951   15.7125830823
            952   26.0228832165
            953    1.3771792610
            954    6.6768674965
            955    8.1207334651
            956   12.6781295295
            957   30.4280017696
            958   26.7183282247
            959   24.7517504680
            960   10.9898335696
            961   31.6925933129
            962   19.5458754353
            963    2.1292467064
            964   15.2394059353
            965   18.7982508469
            966   12.6727793559
            967    6.2647833908
            968    9.1473701155
            969   26.4701954132
            970   28.5585955880
            971   10.7848642218
            972   42.4180337210
            973   25.9103614512
            974   12.9070247096
            975   30.4111994412
            976    7.6406886141
            977    3.9757154852
            978   20.2714485837
            979   28.1802395208
            980   15.9450586223
            981    1.6335767782
            982   11.5961050357
            983    9.9935744427
            984   18.2988898520
            985   27.4598167883
            986   11.2954873635
            987    9.7547710017
            988   14.0340873483
            989   20.6640065347
            990    3.8375148088
            991   20.6565692948
            992   13.7855712472
            993   22.4959405631
            994    5.0361472525
            995   12.0503445000
            996   26.4489392701
            997    3.3517533964
            998   17.9846817251
            999   26.4176274041
           1000   40.4920232289
           1001   11.6747893078
